Main_Header:{A1, A2, A3, B3, D3, F3, G3, I3 , J3, L3, A4 ,D4, E4, F4, A5 , E5 ,G5, H5, I5, J5 ,  K5 , C7,}
[
Sub_Header:{ A8, B8 ,C9, E9 }
Data:[{A10 , D10 , E10,F10 ,H10, I10 , J10 ,K10}]
Total:{ I12, K12 }
]


(column, row)



Main_Header:[(1,1),(0,1),(0,1),(1,0),(2,0),(2,0),(1,0) , (0,2) , (0,2) , (0,1) , (0,2) , (1,11) , (0,3) , (0,1) , (0,1) , (1,6) , (0,3) , (0,1) , (0,2) , (0,1) , (0,1) , (0,1) , (0,1)
(2,8)]

Sub_Header: (0,1) , (1,3) 

Sub_Header: (0,1)

#1: For  (row = 1 to m)
	for (column = 1 to m) 
 

Sub_Header:[(1,1) , (0,2) , (1,4) , (0,3) , (0,1) , (0,1) , (0,2) , (0,1) , (0,1) (0,1) , (0,1) , (1, 10) , (0,3) , (0,2) , (0,2) , (0,2) , (0,2) , (0,1), (0,1) , (0,1) , (0,1) , (1,2)
(0,2) , (1,6) , (0,2) , (1,2) , (0,3) , (0,1) , (0,1) , (0,1), (0,2) , (0,1) , (0,1) , (0,1)
(1,2) , (0,1) , (0,1) , (0,1) , (0,1) , (0,2) , (0,1) , (0,1) , (0,3) , (0,8) , (0,2) , (1,6)
(0,2) , (1,2) , (0,3) , (0,1) , (0,1) , (0,1) , (0,2) , (0,1) , (0,1), (0,1) , (0,1) , (0,1)]


Data:
[
(1,0) , (0,2) , (0,2) , (1,4) , (0,2) , (1,2) , (0,3) , (0,1) , (0,1), (0,1) , (0.2) , (0,1),
(0,2) , (1,0) , (0,1) , (0,1) , (0,1) , (0,2) , (0,2) , (0,1) , (0,1) , (0,3) , (1,8) , (0,2)
(1,6) , (0,2) , (0,2) , (1,2) , (0,3) , (0,1) , (0,1) , (0,1) , (0,2) , (0,1) , (0,1) , (0,1)
(0,1) , (1,0) , (0,2) , (0,1) , (0,2) , (0,1) , (0,1) , (0,2) , (1,8) , (0,2) , (1,6) , (0,2)
(1,2) , (0,3) , (0,1) , (0,1) , (0,2) , (0,1) , (0,1) , (0,1) , (1,0) , (0,1) , (0,1) , (0,1),
(0,2) , (0,1) , (0,1) , (0,3) , (1,8) , (0,2) , (1,6) , (0,2) , (1,2) , (0,3) , (0,1) , (0,1),
(0,2) , (0,1) , (0,1) , (0,1) , (0,1) , (1,0) , (0,1) , (0,1) , (0,1) , (0,2) , (0,1) , (0,1)
(0,3) , (1,0) , (0,3) , (0,1) , (0,1) , (0,2) , (0,1) , (0,1) , (0,1) , (1,0) , (1,0) , (1,0),
(1,0) , (0,3) , (1,0) , (0,3) , (0,1) , (0,1) , (0,2) , (0,1) , (0,1) , (0,1) , (1,0) , (0,2)
]

Total : [(2,2) , (0,7)]